       N       E                     dE             d eps       ncg     rms          rms(c)
DAV:   1     0.154908920635E+03    0.15491E+03   -0.12000E+04  9776   0.127E+03
DAV:   2     0.174227244418E+01   -0.15317E+03   -0.14511E+03 10780   0.312E+02
